[0.46857591]
[0.64746702]
[0.45154314]
[0.54893966]
[0.11213466]
[0.49398742]
[0.20915608]
[0.83971175]
[0.2305644]
[0.86124755]
[0.84296354]
[0.95692328]
[0.25931549]
[0.27347725]
[0.03197816]
[0.23335172]
[0.35644634]
[0.56943967]
[0.14553461]
[0.19821684]
[0.02988461]
[0.34798477]
[0.86289851]
[0.01987395]
[0.1876058]
[0.97829524]
[0.20916886]
[0.23042353]
[0.82530527]
[0.99072602]
[0.317192]
[0.92927302]
[0.55769632]
[0.95418393]
[0.39806022]
[0.90707342]
[0.70103551]
[0.13744375]
[0.73056541]
[0.17865801]
[0.02439597]
[0.7501424]
[0.85099031]
[0.19017452]
[0.4983156]
[0.65013641]
[0.35060019]
[0.5095826]
[0.33703006]
[0.76558916]
[0.34765583]
[0.88559274]
[0.61282604]
[0.37251063]
[0.05898692]
[0.16653469]
[0.45390234]
[0.70739928]
[0.98086276]
[0.12515189]
[0.35251909]
[0.45604177]
[0.24083874]
[0.84110237]
[0.23171093]
[0.90388495]
[0.20152619]
[0.6314835]
[0.20840496]
[0.24533353]
[0.82862021]
[0.70803849]
[0.11019021]
[0.2962069]
[0.15299415]
[0.09808689]
[0.33766971]
[0.77114622]
[0.08142735]
[0.45016395]
[0.33248765]
[0.38332015]
[0.69905957]
[0.11727434]
[0.90241585]
[0.56562912]
[0.39255482]
[0.42464291]
[0.41818808]
[0.41291209]
[0.95505148]
[0.36429017]
[0.44093898]
[0.98358385]
[0.8951026]
[0.83621537]
[0.65678788]
[0.60410958]
[0.46513727]
[0.26491099]
[0.24755986]
[0.25289099]
[0.42510193]
[0.90379543]
[0.58529311]
[0.09407894]
[0.54262201]
[0.00296595]
[0.28461133]
[0.1924525]
[0.04989952]
[0.7533937]
[0.54177469]
[0.29074523]
[0.19515317]
[0.44411033]
[0.57817858]
[0.39220958]
[0.95652305]
[0.98222907]
[0.35303054]
[0.85637974]
[0.6924161]
[0.954088]
[0.57380314]
[0.53623624]
[0.77487917]
[0.90511045]
[0.73918515]
[0.94536393]
[0.55385088]
[0.2696956]
[0.59945963]
[0.66265223]
[0.23824313]
[0.26984877]
[0.6487335]
[0.06431587]
[0.6025234]
[0.88851885]
[0.67822646]
[0.52485712]
[0.55728751]
[0.38005085]
[0.98600562]
[0.54548125]
[0.91134592]
[0.1389811]
[0.61448435]
[0.2805475]
[0.93900749]
[0.90782132]
[0.08306347]
[0.81312487]
[0.18960134]
[0.08362193]
[0.88932101]
[0.07503507]
[0.33913518]
[0.365336]
[0.17242757]
[0.28616831]
[0.31338867]
[0.83467457]
[0.27902561]
[0.13918718]
[0.40424672]
[0.15846111]
[0.9861035]
[0.55738728]
[0.32268591]
[0.24676015]
[0.50505593]
[0.58683196]
[0.09698371]
[0.48260205]
[0.11148114]
[0.18835504]
[0.07396805]
[0.92666691]
[0.16780535]
[0.59236687]
[0.16553941]
[0.45140411]
[0.67941752]
[0.14898788]
[0.10478066]
[0.1440567]
[0.16231078]
[0.86938108]
[0.92011828]
[0.44545868]
[0.85260286]
[0.75934585]
[0.94090959]
[0.47838192]
[0.88960577]
[0.35492614]
[0.0624809]
[0.77676082]
[0.27270509]
[0.62100866]
[0.84424413]
[0.40346295]
[0.37506349]
[0.65198461]
[0.61130172]
[0.97001922]
[0.75677315]
[0.9821945]
[0.91089086]
[0.97071668]
[0.50583019]
[0.0101929]
[0.42971138]
[0.27065594]
[0.44150826]
[0.63094427]
[0.62524566]
[0.00388247]
[0.78770649]
[0.76253435]
[0.78937386]
[0.76359216]
[0.80691791]
[0.41911763]
[0.6779721]
[0.46593845]
[0.86122573]
[0.30707353]
[0.77499936]
[0.49630314]
[0.11996567]
[0.96631029]
[0.10125269]
[0.06940444]
[0.28547868]
[0.00805189]
[0.73021389]
[0.26899507]
[0.58371614]
[0.03728306]
[0.50511936]
[0.72382579]
[0.43348391]
[0.88750962]
[0.94514968]
[0.03866521]
[0.11681096]
[0.87696675]
[0.01548108]
[0.63975811]
[0.29864034]
[0.38948973]
[0.33821104]
[0.4502492]
[0.08307273]
[0.55662525]
[0.66773781]
[0.69234833]
[0.22937873]
[0.52316467]
[0.33301085]
[0.60996938]
[0.14234353]
[0.09687348]
[0.95950622]
[0.33046082]
[0.48068494]
[0.24447997]
[0.82081196]
[0.49126463]
[0.79754734]
[0.27133759]
[0.88283087]
[0.71242852]
[0.5247685]
[0.17564826]
[0.34070556]
[0.55293173]
[0.99840704]
[0.13618495]
[0.48135132]
[0.63353547]
[0.89011716]
[0.52080476]
[0.86088542]
[0.93994612]
[0.63256231]
[0.27509263]
[0.29988132]
[0.17555199]
[0.17461035]
[0.56917403]
[0.25689298]
[0.85577181]
[0.92013322]
[0.78428008]
[0.26277393]
[0.64938949]
[0.27612103]
[0.39804491]
[0.10079187]
[0.23129321]
[0.55684969]
[0.61368342]
[0.99205233]
[0.47355015]
[0.01452703]
[0.7460488]
[0.22935066]
[0.8515381]
[0.44754304]
[0.48979389]
[0.54020403]
[0.68106035]
[0.57494896]
[0.66956972]
[0.79427544]
[0.16571072]
[0.17687154]
[0.92531496]
[0.93122097]
[0.51225919]
[0.02726556]
[0.06391472]
[0.20514174]
[0.39399982]
[0.49036018]
[0.11404127]
[0.38922842]
[0.91698318]
[0.9202314]
[0.84749987]
[0.02026823]
[0.74435658]
[0.50820007]
[0.78276259]
[0.92215371]
[0.8530406]
[0.89388752]
[0.08487076]
[0.59323141]
[0.59982029]
[0.97764211]
[0.70859879]
[0.43905516]
[0.94368814]
[0.65678825]
[0.19211227]
[0.10469799]
[0.03810598]
[0.31775535]
[0.82887591]
[0.48039622]
[0.72122656]
[0.13250526]
[0.56074553]
[0.45307184]
[0.97770125]
[0.85197394]
[0.24923341]
[0.56572052]
[0.03928757]
[0.46711521]
[0.61166368]
[0.04372891]
[0.70901884]
[0.92425398]
[0.31119939]
[0.80949166]
[0.16139144]
[0.80056234]
[0.03792604]
[0.11470595]
[0.72131211]
[0.47733668]
[0.90793703]
[0.7774065]
[0.33205431]
[0.98194539]
[0.66823107]
[0.60354933]
[0.15197186]
[0.26466868]
[0.27619177]
[0.72239047]
[0.1982443]
[0.70140305]
[0.1551768]
[0.6659979]
[0.39103051]
[0.382308]
[0.38548363]
[0.80144237]
[0.48756486]
[0.46584505]
[0.1657431]
[0.70459972]
[0.9391767]
[0.96422228]
[0.68116542]
[0.47184778]
[0.8283789]
[0.02979352]
[0.59035866]
[0.21176811]
[0.64552144]
[0.48586216]
[0.19309486]
[0.18761573]
[0.47459839]
[0.41796546]
[0.61864354]
[0.56689587]
[0.27264964]
[0.05531018]
[0.70985831]
[0.90233952]
[0.44383926]
[0.32880676]
[0.28311161]
[0.89845512]
[0.73792735]
[0.71921568]
[0.72047053]
[0.91673681]
[0.89939662]
[0.19840633]
[0.6234668]
[0.33433189]
[0.0331629]
[0.93052054]
[0.51998401]
[0.55532579]
[0.88593151]
[0.19257833]
[0.7229572]
[0.69504293]
[0.68917535]
[0.38973342]
[0.07914406]
[0.76941479]
[0.55030144]
[0.96303477]
[0.02439197]
[0.68013579]
[0.28833732]
[0.50269192]
[0.30856007]
[0.80375352]
[0.22652454]
[0.99919804]
[0.90379132]
[0.02069192]
[0.65065967]
[0.21425543]
[0.36858694]
[0.51597415]
[0.0122209]
[0.89451542]
[0.67137167]
[0.23559827]
[0.99417899]
[0.68450491]
[0.61780561]
[0.38538218]
[0.83760379]
[0.69324124]
[0.78838375]
[0.09503285]
[0.49123521]
[0.89404811]
[0.80263305]
[0.23483292]
[0.69255175]
[0.24430334]
[0.317056]
[0.48295357]
[0.03594235]
[0.04718438]
[0.42762439]
[0.40689176]
[0.7708195]
[0.22418311]
[0.31841135]
[0.08312636]
[0.60424935]
[0.79369486]
[0.24318188]
[0.74986852]
[0.82661363]
[0.36682388]
[0.94132166]
[0.34704205]
[0.00849596]
[0.73528288]
[0.45951632]
[0.42978723]
[0.58915032]
